Date/Time (PST),T_0.4m (K),T_2m (K),u_0.4m (m s-1),u_2m (m s-1),Rn (W m-2),u'w' (m2 s-2),w'T' (K m s-1),w'rho_v' (g m-2 s-1),w'rho_CO2' (micromol m-2 s-1),w'rho_CH4' (microåmol m-2 s-1),Pa (kPa),PPFD (micromol m-2 s-1),rv
2016-08-13 00:30:00,285.41,286.9,0.0,0.12,-20.44,-0.0082,0.0092,0.002,1.944,0.1306,101.5199966430664,101.5199966430664,0.014060752000000001
2016-08-13 01:00:00,285.47,287.06,0.3,0.44,-15.32,-0.0023,0.0005,0.0008,1.9074,0.1278,101.50499725341795,101.50499725341795,0.014309487000000001
2016-08-13 01:30:00,285.85,287.45,0.0,0.27,-17.4,-0.0067,-0.0021,-0.0001,1.8716,0.1251,101.48999786376952,101.48999786376952,0.014628924
2016-08-13 02:00:00,285.71,287.67,0.51,0.63,-17.34,-0.0028,0.0026,0.0018,1.8384,0.1227,101.48500061035156,101.48500061035156,0.014816601
2016-08-13 02:30:00,286.51,288.62,0.54,0.75,-14.62,-0.0027,-0.0048,-0.0034,1.802,0.2559,101.4800033569336,101.4800033569336,0.015682076
2016-08-13 03:00:00,286.72,288.58,0.4,0.48,-13.76,-0.0019,0.0044,0.0021,1.7787,0.1185,101.48999786376952,101.48999786376952,0.015586389
2016-08-13 03:30:00,286.4,287.89,0.1,0.34,-13.34,-0.0046,0.0004,0.0006,1.6025,0.1172,101.5,101.5,0.014968112
2016-08-13 04:00:00,286.11,287.61,0.0,0.14,-10.36,-0.0339,-0.0008,-0.0008,1.8111,0.1155,101.50499725341795,101.50499725341795,0.014819081000000001
2016-08-13 04:30:00,286.44,288.12,0.15,0.29,-11.19,-0.0035,0.0029,0.0018,1.7026,0.1133,101.51000213623048,101.51000213623048,0.015182288
2016-08-13 05:00:00,286.16,288.7,0.11,0.28,-12.55,-0.0017,-0.0004,0.0011,1.6798,0.1118,101.5199966430664,101.5199966430664,0.01549285
2016-08-13 05:30:00,286.01,289.16,0.42,0.49,-6.38,-0.0018,0.0059,0.0022,1.6541,0.1102,101.52999877929688,101.52999877929688,0.015916337
2016-08-13 06:00:00,286.4,289.2,0.0,0.17,6.18,-0.0083,0.0118,0.0009,1.6288,0.1086,101.54499816894533,101.54499816894533,0.016186810000000003
2016-08-13 06:30:00,288.55,289.13,0.0,0.2,57.58,-0.0089,-0.0227,0.0165,1.6084,0.1073,101.55999755859376,101.55999755859376,0.01469906
2016-08-13 07:00:00,293.55,291.44,0.22,0.41,141.85,-0.0077,0.0167,0.0015,2.2215,0.1557,101.56500244140624,101.56500244140624,0.019023794
2016-08-13 07:30:00,299.84,293.62,0.38,0.7,179.44,-0.0172,0.0293,0.0147,2.0722,0.0783,101.56999969482422,101.56999969482422,0.018065542
2016-08-13 08:00:00,301.76,295.24,0.44,0.85,221.9,-0.0258,0.0475,0.0153,1.0417,0.0942,101.56999969482422,101.56999969482422,0.017440017999999998
2016-08-13 08:30:00,302.61,296.5,0.47,0.77,327.08,-0.0204,0.0755,0.028,0.3538,0.113,101.56999969482422,101.56999969482422,0.016863838000000003
2016-08-13 09:00:00,302.51,297.83,0.31,0.71,383.09,-0.0301,0.0964,0.0324,-1.8657,0.0616,101.56500244140624,101.56500244140624,0.01660357
2016-08-13 09:30:00,301.94,298.36,0.0,0.28,271.33,-0.1255,0.0699,0.0318,-3.8742,0.0944,101.55999755859376,101.55999755859376,0.016665863000000003
2016-08-13 10:00:00,300.32,298.01,1.29,1.98,366.39,-0.0603,0.0989,0.0394,-2.0668,0.0972,101.55500030517578,101.55500030517578,0.017765094999999998
2016-08-13 10:30:00,299.0,297.03,1.64,2.56,310.95,-0.0856,0.0911,0.0317,-1.4651,0.0768,101.5500030517578,101.5500030517578,0.017811016
2016-08-13 11:00:00,298.72,296.74,1.65,2.48,471.34,-0.0819,0.1397,0.0395,-2.6706,0.0605,101.54499816894533,101.54499816894533,0.017756847
2016-08-13 11:30:00,303.51,298.3,0.7,1.4,600.13,-0.0699,0.173,0.0673,-0.9993,0.0818,101.54000091552734,101.54000091552734,0.017738472
2016-08-13 12:00:00,301.74,299.0,1.13,1.78,604.77,-0.0622,0.1581,0.0654,-3.1447,0.0626,101.5199966430664,101.5199966430664,0.01791374
2016-08-13 12:30:00,303.24,300.17,0.29,0.77,604.54,-0.0423,0.1516,0.0758,-1.8329,0.0822,101.5,101.5,0.017597763000000002
2016-08-13 13:00:00,303.81,300.61,1.33,1.64,601.02,-0.0254,0.162,0.0829,-2.0522,0.0754,101.48500061035156,101.48500061035156,0.017977264000000003
2016-08-13 13:30:00,303.81,300.78,1.29,1.99,587.58,-0.0685,0.1662,0.08,-1.3112,0.0923,101.47000122070312,101.47000122070312,0.018335798
2016-08-13 14:00:00,303.22,300.83,1.56,2.35,561.8,-0.0802,0.1594,0.0785,-1.9098,0.0751,101.45500183105467,101.45500183105467,0.018057708999999998
2016-08-13 14:30:00,303.5,300.98,1.52,2.52,526.63,-0.109,0.1694,0.0834,-1.4825,0.0898,101.44000244140624,101.44000244140624,0.017999529
2016-08-13 15:00:00,303.09,301.07,1.42,2.33,479.89,-0.0941,0.1451,0.0684,-1.5342,0.0682,101.4250030517578,101.4250030517578,0.01763769
2016-08-13 15:30:00,303.32,300.71,1.61,2.7,424.21,-0.1223,0.156,0.0724,-0.6057,0.0843,101.41000366210938,101.41000366210938,0.017723433
2016-08-13 16:00:00,302.74,299.76,1.87,2.82,366.44,-0.0945,0.1147,0.0469,-1.2064,0.0523,101.38999938964844,101.38999938964844,0.016431334
2016-08-13 16:30:00,302.41,300.15,1.47,2.21,293.69,-0.0654,0.0969,0.0485,-1.6668,0.0553,101.37000274658205,101.37000274658205,0.016959703000000003
2016-08-13 17:00:00,302.16,300.25,1.25,1.99,219.41,-0.0619,0.0764,0.0435,-0.8346,0.0472,101.3550033569336,101.3550033569336,0.016312847000000002
2016-08-13 17:30:00,301.72,300.19,1.21,1.84,150.09,-0.0449,0.0476,0.0308,-0.3242,0.0473,101.33999633789062,101.33999633789062,0.016213503
2016-08-13 18:00:00,301.39,300.09,0.92,1.5,78.14,-0.0354,0.0278,0.0269,0.104,0.0553,101.3249969482422,101.3249969482422,0.016482065
2016-08-13 18:30:00,300.08,299.7,1.07,1.69,11.75,-0.031,0.0068,0.022,0.6402,0.0258,101.30999755859376,101.30999755859376,0.016235357000000002
2016-08-13 19:00:00,298.08,298.74,0.65,1.47,-35.62,-0.0239,-0.0105,0.0112,0.9962,0.0174,101.30999755859376,101.30999755859376,0.015221455000000002
2016-08-13 19:30:00,295.87,297.06,0.13,1.1,-57.33,-0.0096,-0.0114,0.0031,1.1827,0.0103,101.30999755859376,101.30999755859376,0.01569405
2016-08-13 20:00:00,293.78,295.58,0.01,0.94,-57.12,-0.002,-0.003,-0.0007,0.3781,0.1662,101.31999969482422,101.31999969482422,0.015916348
2016-08-13 20:30:00,292.35,293.92,0.55,0.7,-54.52,-0.0015,-0.0033,-0.0011,2.3434,0.1657,101.33000183105467,101.33000183105467,0.017160944
2016-08-13 21:00:00,291.4,293.18,0.44,0.6,-53.92,-0.0015,-0.0025,0.0001,2.3278,0.1642,101.33499908447266,101.33499908447266,0.017138432000000002
2016-08-13 21:30:00,290.6,292.36,0.22,0.38,-53.03,-0.0024,0.0003,0.0003,2.2589,0.1576,101.33999633789062,101.33999633789062,0.0169691
2016-08-13 22:00:00,289.17,291.11,0.4,0.62,-50.7,-0.003,-0.0047,-0.0009,2.2396,0.1558,101.33999633789062,101.33999633789062,0.016719557
2016-08-13 22:30:00,288.67,290.17,0.0,0.14,-49.25,-0.0234,-0.0138,-0.0002,2.2156,0.1536,101.33999633789062,101.33999633789062,0.016270466
2016-08-13 23:00:00,289.4,292.3,0.64,0.95,-53.81,-0.0061,-0.0135,-0.0001,2.1725,0.1497,101.33999633789062,101.33999633789062,0.016273364999999998
2016-08-13 23:30:00,290.39,292.52,0.04,1.24,-55.93,-0.012,-0.0183,0.0002,0.6202,0.1467,101.33999633789062,101.33999633789062,0.01622608
2016-08-14 00:00:00,290.56,292.0,0.6,0.99,-55.35,-0.0096,-0.0123,0.0004,0.93,0.1448,101.33999633789062,101.33999633789062,0.016289852
